cluster_id,repair_count,avg_lat,avg_lon,nearest_pipe,nearest_type,nearest_dist,pipe_count,nearest_STD_DIP,max_STD_DIP,avg_STD_DIP,nearest_K_age,max_K_age,avg_K_age,nearest_K_soil,max_K_soil,avg_K_soil,nearest_K_traffic,max_K_traffic,avg_K_traffic,nearest_hoop_stress,max_hoop_stress,avg_hoop_stress,nearest_K_stress,max_K_stress,avg_K_stress,nearest_K_total,max_K_total,avg_K_total,nearest_D_final,max_D_final,avg_D_final,nearest_K_repair,max_K_repair,avg_K_repair
0,2,35.8970202000041,128.60609735001313,72403,SPLY_LS,9.637130757047583,11,13,100,37.12687150068664,1.7033538672142368,1.712662559890486,1.6656950397113943,1.0,1.0,1.0,1.0,1.0,1.0,7.471264367816092,9.846153846153848,7.868892426644523,1.547126436781609,2.466666666666667,1.811015485639508,4.87159439023195,5.531159012045702,4.383948511404089,0.0239733595740509,0.0272191100562275,0.02157362982204505,1.8008,2.18,1.0922675718672559
1,1,35.8959196,128.6054125,412753,PIPE_LM,8.810661620813947,9,32,150,62.169894345198465,1.3610677618069815,1.7443121149897332,1.5331931677344128,1.0,1.0,1.0,1.2,1.2,1.153358654391066,11.428571428571429,20.0,10.588248525892398,1.942857142857143,3.3000000000000003,2.1713175099348176,2.4422683057103893,6.92449756549201,3.8893464741413166,0.0120185244458161,0.0340757987446644,0.019139668466573074,0.1104,0.7017,0.24585588531740707
2,2,35.89528420000018,128.6077783999988,106502,SPLY_LS,5.8340883941393935,12,13,200,41.07061007110785,1.651663244353183,1.7326488706365502,1.650564922916073,1.0,1.0,1.0,1.0,1.0,1.0,7.471264367816092,15.873015873015872,8.5598013138065,1.547126436781609,3.9746031746031742,1.8916203530947073,3.3578020808795683,7.20555947339757,3.4742943980723946,0.0165239119301124,0.0354589184465631,0.01709717644763412,0.9909,1.1077,0.5468556475632309
3,1,35.89563549999999,128.6073607,177280,SPLY_LS,8.972170758695556,14,25,80,28.027108895449985,1.345407255304586,1.7526899383983574,1.6315514810770284,1.0,1.0,1.0,1.0,1.0,1.0,8.928571428571429,9.523809523809524,8.201215811846856,1.692857142857143,2.1333333333333337,1.7183562597108528,2.320312342621326,4.713270230306805,3.3719751704806167,0.0114183730536566,0.0231942384668513,0.016593658412693585,0.4893,1.6238,0.7302499876911052
4,1,35.8966487,128.6079187,37913,SPLY_LS,4.007111803060215,11,13,100,38.255725959122614,1.7194524298425735,1.7326488706365502,1.6980790987441754,1.0,1.0,1.0,1.0,1.0,1.0,7.471264367816092,9.523809523809524,7.899674378133551,1.547126436781609,2.466666666666667,1.8159273039931443,7.60365458680131,8.62911838142102,5.765265831731186,0.0374179644043785,0.0424643230108919,0.02837116142124069,3.3306,4.0231,1.7918940356084299
5,3,35.895701200000055,128.60878885000037,72370,SPLY_LS,4.20604401435844,11,13,80,21.27559397725689,1.6132785763175908,1.7526899383983574,1.5950666426515274,1.0,1.0,1.0,1.0,1.0,1.0,7.471264367816092,14.285714285714286,8.523331205125766,1.547126436781609,2.2285714285714286,1.685151050370441,5.517236807837452,7.6332273718033425,4.962503127294081,0.0271505981932084,0.0375634935580128,0.024420726014570484,2.3491,3.447,1.82871357539736
6,2,35.89651849999999,128.6077883,211434,PIPE_LM,5.293962978391968,16,80,200,57.44337638210298,1.7326488706365502,1.7326488706365502,1.6647245213662583,1.0,1.0,1.0,1.0,1.0,1.0,6.666666666666667,15.873015873015872,8.389843153709103,2.1333333333333337,3.9746031746031742,2.0424323643039037,4.263446430063447,8.837926571575123,4.99287065353924,0.0209806330546637,0.0434918785550497,0.02457016612959923,0.1109,4.3744,1.0309439192205778
7,5,35.89750790000543,128.60667655001404,245417,SPLY_LS,8.702197133247934,15,13,200,42.53286446674993,1.584476386036961,1.7326488706365502,1.648067129106011,1.0,1.0,1.0,1.0,1.2,1.015038530424101,7.471264367816092,15.873015873015872,8.442589026334836,1.547126436781609,3.9746031746031742,1.9072651797841695,5.305155107852625,8.837926571575123,5.322160613810561,0.0261069335434981,0.0434918785550497,0.026190618488592415,2.2789,3.8918,1.5508685540230576
8,2,35.8968513,128.6079403,245352,SPLY_LS,6.871099597730657,7,13,25,16.108653625711664,1.720930869267625,1.7326488706365502,1.6424532638195595,1.0,1.0,1.0,1.0,1.0,1.0,7.471264367816092,9.523809523809524,7.969451812365223,1.547126436781609,1.7523809523809524,1.596945181236522,7.505632699420257,7.505632699420257,5.399091219129361,0.036935593795482,0.036935593795482,0.026569197843896497,3.2711,3.2711,2.1166000267593876
9,1,35.8963045,128.6079341,106483,SPLY_LS,7.403923884353063,12,13,40,16.968682518396385,1.676741957563313,1.724928131416838,1.6015149912305817,1.0,1.0,1.0,1.0,1.0,1.0,7.471264367816092,14.285714285714286,8.180773780159441,1.547126436781609,2.2285714285714286,1.6180773780159445,3.503470422292657,6.362774822383777,4.391231768470662,0.0172407531216232,0.0313115330396916,0.021609471094232488,1.0462,4.3744,1.715204576923413
10,1,35.8975568,128.6076141,177240,SPLY_LS,5.666065048449452,9,13,80,32.06919043541516,1.6788227241615332,1.792662559890486,1.6802461534678421,1.0,1.0,1.0,1.0,1.0,1.0,7.471264367816092,7.471264367816092,7.242263968008396,1.547126436781609,2.1333333333333337,1.7139695852129309,2.3292309787160264,4.8272550863218235,3.3144394900120875,0.0114622621078105,0.023755163642544,0.016310522452323936,0.3587,1.0192,0.5370547472672983
11,3,35.89559415000001,128.60619869999994,177284,SPLY_LS,5.828938326338688,11,20,80,35.173554959448275,1.5760985626283368,1.7408076659822038,1.6240144717676417,1.0,1.0,1.0,1.0,1.0,1.0,9.523809523809524,9.846153846153848,8.394939703133513,1.7523809523809524,2.1333333333333337,1.824731225842034,3.442673287524383,4.484005209845803,3.2655931061291876,0.0169415673815718,0.0220660138379116,0.01607014695491698,0.8443,1.5225,0.5782068943016792
12,3,35.89707790000007,128.60772650000004,3821,SPLY_LS,5.6253298731266,12,13,200,50.66398047827373,1.7208761122518823,1.7326488706365502,1.6795372459592415,1.0,1.0,1.0,1.0,1.0,1.0,7.471264367816092,15.873015873015872,8.382900229027028,1.547126436781609,3.9746031746031742,1.980144303324766,4.254128456852015,8.837926571575123,5.034345814873828,0.0209347788425916,0.0434918785550497,0.024774267472284818,1.4209,2.19,1.0318844078247111
13,1,35.8967631,128.6092371,143046,SPLY_LS,6.6970171243882906,12,13,100,28.851542811241924,1.7051060917180014,1.792662559890486,1.6636403741037402,1.0,1.0,1.0,1.0,1.0,1.0,7.471264367816092,9.846153846153848,7.747712584416045,1.547126436781609,2.466666666666667,1.7130735123353518,3.6785222000767286,6.741641884727672,3.807542427215265,0.0181021916726875,0.0331759567968391,0.01873710666144763,1.1127,1.6941,0.8998134918844211
14,1,35.8964225,128.6083507,37916,SPLY_LS,6.041844932900778,9,13,80,22.33888542899671,1.7177549623545518,1.7326488706365502,1.698443543393341,1.0,1.0,1.0,1.0,1.0,1.0,7.471264367816092,14.285714285714286,8.110305464122074,1.547126436781609,2.2285714285714286,1.6654591996580939,4.645813050637993,6.252120095220574,4.4368172732627364,0.022862278312842,0.0307669955945852,0.02183379964258952,1.6486,2.5688,1.3716484937957252
15,2,35.89542090000001,128.6069050000001,245383,PIPE_LM,5.47318724401328,15,20,80,25.65901484703736,1.712662559890486,1.724928131416838,1.6426030551521362,1.0,1.0,1.0,1.0,1.0,1.0,9.523809523809524,9.523809523809524,8.004340316843678,1.7523809523809524,2.1333333333333337,1.694622298139373,2.6874214205211175,5.019872599244182,3.638087027010311,0.0132249351814554,0.0247030440545105,0.017903208164269033,0.3249,1.9245,0.928657515796394
16,1,35.8950317,128.6061481,37963,SPLY_LS,5.38171606447266,9,13,100,32.3686633317097,1.6498562628336757,1.7086105407255303,1.6686417918872738,1.0,1.0,1.0,1.2,1.4,1.183607830534698,7.471264367816092,8.928571428571429,7.638738627794836,1.547126436781609,2.466666666666667,1.7437304426566338,3.595752464583602,6.631724427789186,3.7733551377359573,0.0176948776658391,0.0326350474953719,0.018568869300555485,0.7786,0.8546,0.4797938829252629
17,3,35.8969724,128.60845705000003,177254,SPLY_LS,6.167041978795373,10,13,80,33.03497420446582,1.7267898699520876,1.7326488706365502,1.4781106994714392,1.0,1.0,1.0,1.0,1.0,1.0,7.471264367816092,14.22222222222222,9.200374502323655,1.547126436781609,2.5777777777777775,1.8451286603208976,5.193945717915468,6.614199620854653,4.583776620598605,0.0255596665751479,0.0325488070442067,0.022556993938796715,1.9456,3.6213,1.6869894977279531
18,1,35.89518539999999,128.6092512,211390,SPLY_LS,4.442489163315757,14,13,150,25.9771221029149,1.7612867898699522,1.7612867898699522,1.5697896349178713,1.0,1.0,1.0,1.0,1.2,1.020007230036081,7.471264367816092,17.857142857142858,9.215765318070305,1.547126436781609,3.3000000000000003,1.7905235458572613,6.709182775103548,6.709182775103548,5.133518595790285,0.0330162238954233,0.0330162238954233,0.025262301685813747,2.7304,2.9175,1.77287949436897
19,1,35.89700590000001,128.6089159,106551,PIPE_LM,5.236785196211685,13,80,80,33.36354844722357,1.792662559890486,1.792662559890486,1.6773637333339904,1.0,1.0,1.0,1.0,1.0,1.0,6.666666666666667,9.846153846153848,7.747292355565211,2.1333333333333337,2.1333333333333337,1.7632949694277567,4.8272550863218235,7.270079832046314,4.832513542657243,0.023755163642544,0.0357764263574915,0.02378104076909339,0.2157,3.4914,1.4222226783059293
20,2,35.895902700000285,128.6082557000034,37933,SPLY_LS,5.866985394145052,13,13,100,31.69020787797456,1.6823819301848049,1.7326488706365502,1.6147155628034802,1.0,1.0,1.0,1.0,1.0,1.0,7.471264367816092,14.285714285714286,8.612424405258876,1.547126436781609,2.466666666666667,1.7967000163261488,4.748566115280091,7.305486144531963,4.903266997007982,0.023367931281599,0.035950662591549,0.024129222055626072,1.7641,3.2544,1.5426641179622846
21,1,35.8968395,128.6064995,106537,SPLY_LS,6.28650150549953,10,13,80,20.670821709923093,1.702422997946612,1.735003422313484,1.6796987536918637,1.0,1.0,1.0,1.0,1.0,1.0,7.471264367816092,7.471264367816092,7.379146076566373,1.547126436781609,2.1333333333333337,1.6142411918349766,4.213378583863661,5.444645922220506,4.48199610527447,0.0207342466801222,0.0267933748155432,0.022056126933860873,1.4237,2.1352,1.4370856100081415
22,3,35.897150700000005,128.6089729,245342,SPLY_LS,5.813972007280722,13,13,80,27.84877309353473,1.6807392197125255,1.792662559890486,1.6615401144832143,1.0,1.0,1.0,1.0,1.0,1.0,7.471264367816092,9.846153846153848,7.822463008530019,1.547126436781609,2.1333333333333337,1.710321397163249,5.787590585372166,7.270079832046314,4.628127148878806,0.0284810226501456,0.0357764263574915,0.02277524510599002,2.3722,3.4914,1.4275021595111492
23,1,35.895691299999996,128.6069351,37949,SPLY_LS,5.144392099670557,12,13,80,19.706465392257588,1.7060917180013688,1.724928131416838,1.657375428744285,1.0,1.0,1.0,1.0,1.0,1.0,7.471264367816092,9.523809523809524,8.061153683368005,1.547126436781609,2.1333333333333337,1.6391771107143314,3.8578255994080903,5.019872599244182,3.21884446497866,0.0189845526659671,0.0247030440545105,0.015840094554383174,1.2144,1.9245,0.7776361291002447
24,1,35.898369499999994,128.6072313,106546,PIPE_LM,7.3100869834127336,7,100,200,73.73277005261096,1.5126899383983572,1.7431622176591377,1.5629686286177886,1.0,1.0,1.0,1.2,1.2,1.0807990661057671,8.333333333333334,15.873015873015872,10.280843586832251,2.466666666666667,3.9746031746031742,2.3434110890516195,5.386910328443531,8.106810472562733,4.80578540653025,0.026509255071787,0.0398940196760048,0.023649510274805646,0.1458,1.5284,0.5995451504490377
25,1,35.896296099999994,128.6053979,143100,SPLY_LS,4.644819520356702,7,13,150,34.562894140874114,1.5825598904859686,1.6874743326488706,1.5563702186384165,1.0,1.0,1.0,1.2,1.2,1.1714484445956106,7.471264367816092,20.0,9.443204514938568,1.547126436781609,3.3000000000000003,1.8230171454386526,3.3040313353734727,5.684139428941524,3.482174296705584,0.0162593034029396,0.0279719343367926,0.01713595382280297,0.7038,0.8203,0.5118921957063625
26,1,35.897848599999996,128.6067485,177321,SPLY_LS,6.7078336178900475,11,13,50,21.496150430973728,1.584476386036961,1.676741957563313,1.6044911641376463,1.0,1.0,1.0,1.0,1.0,1.0,7.471264367816092,10.95890410958904,8.272116040657858,1.547126436781609,2.16986301369863,1.690122751277735,5.476174320057944,7.64130492994326,4.897306483584749,0.0269485276377211,0.0376032436254972,0.02409989007104469,2.3846,3.4629,1.894444329487285
27,1,35.89502590000001,128.6069784,245388,SPLY_LS,2.1888413716785755,12,13,100,30.047509523051392,1.639835728952772,1.7526899383983574,1.674084095945938,1.0,1.0,1.0,1.0,1.4,1.1010053829137663,7.471264367816092,8.928571428571429,7.752680956556881,1.547126436781609,2.466666666666667,1.718646277844948,5.9042779708798365,9.86958741763695,6.005852290556844,0.0290552471085982,0.0485687331615623,0.0295550994144447,2.526,3.2384,1.8208204651368762
28,3,35.89694275000005,128.60730075,3893,SPLY_LS,6.402919531406563,12,13,200,46.38087756481884,1.716331279945243,1.7326488706365502,1.627396074794517,1.0,1.0,1.0,1.0,1.0,1.0,7.471264367816092,15.873015873015872,9.08318244783632,1.547126436781609,3.9746031746031742,1.9792222421268917,3.841896162161212,9.307766399472284,5.071267410284594,0.0189061631088034,0.045803983840123,0.02495596048938094,1.1921,3.3989,1.3504863699442404
29,3,35.8968908,128.6068308,3891,SPLY_LS,6.284513150081227,11,13,80,21.30152722561296,1.7051060917180014,1.7418480492813142,1.6623414489526465,1.0,1.0,1.0,1.0,1.0,1.0,7.471264367816092,7.471264367816092,7.371571983909263,1.547126436781609,2.1333333333333337,1.6197594593422993,3.95902105293438,5.611691309753151,4.463646502450145,0.0194825405525427,0.0276154135198607,0.02196582762088224,1.2738,2.155,1.4509416051553645
30,1,35.89509859999999,128.6053886,439842,PIPE_LM,8.915899799599083,7,150,150,55.78067787202606,1.2153045859000684,1.6926762491444216,1.5477501924773343,1.0,1.0,1.0,1.2,1.4,1.1844781828974515,20.0,20.0,10.718856352833713,3.3000000000000003,3.3000000000000003,2.0843160087397212,5.684139428941524,6.631724427789186,3.8337170954474886,0.0279719343367926,0.0326350474953719,0.018865913512551805,0.1025,0.5163,0.2590798159110693
31,3,35.89744749999999,128.6082208,255636,PIPE_LM,6.101580020383117,11,80,80,34.99080123078598,1.792662559890486,1.792662559890486,1.6470279441928215,1.0,1.0,1.0,1.0,1.2,1.0196229916177553,6.666666666666667,9.523809523809524,7.640578952520634,2.1333333333333337,2.1333333333333337,1.7572585801832123,4.878477913181699,4.947975754304749,3.932201642175625,0.0240072337346628,0.0243492360857213,0.019350560891228323,0.2286,1.8846,0.8450564766105755
32,3,35.898005100000006,128.6067201,245420,SPLY_LS,6.138469990020201,7,13,200,80.40968830807397,1.5825598904859686,1.626858316221766,1.4906148750541064,1.0,1.0,1.0,1.0,1.2,1.0458159537204192,7.471264367816092,25.3968253968254,11.780872919235028,1.547126436781609,3.9746031746031742,2.4212165730615265,3.801342543236208,8.106810472562733,5.516698061984013,0.0187065967223925,0.0398940196760048,0.027147946997926373,1.3523,3.0739,1.1333982085075394
33,1,35.8963482,128.6060171,142922,SPLY_LS,5.279072976897116,8,13,100,53.2413286490849,1.5861738535249827,1.712662559890486,1.640632655217099,1.0,1.0,1.0,1.0,1.0,1.0,7.471264367816092,9.523809523809524,7.999608034667943,1.547126436781609,2.466666666666667,1.9810325122428007,2.0001691308513005,5.224924143874059,3.8263370635994,0.0098429323013757,0.0257121129582114,0.018829596006825773,0.2349,1.2574,0.4461012300335937
34,1,35.895043600000015,128.6055463,106515,SPLY_LS,6.29795944200936,8,13,100,29.781790687403756,1.7428336755646818,1.7428336755646818,1.6498965449566814,1.0,1.0,1.0,1.0,1.4,1.1000242631703996,7.471264367816092,9.846153846153848,8.084255391323605,1.547126436781609,2.466666666666667,1.7626350417821037,3.219961427194624,6.631724427789186,3.294521345256713,0.0158455911812961,0.0326350474953719,0.01621250426607551,0.8093,0.8093,0.4491677652071114
35,3,35.89521220000004,128.6068595499996,143082,SPLY_LS,7.491362121082779,16,13,25,16.215623947210222,1.7461190965092404,1.7526899383983574,1.6780014339900327,1.0,1.0,1.0,1.0,1.2,1.0293058194805749,7.471264367816092,9.523809523809524,8.006209299824617,1.547126436781609,1.7523809523809524,1.6006209299824616,7.557183124225611,9.105636524111194,5.088516755069732,0.0371892760134704,0.0448092926169773,0.025040845377535835,3.2384,4.3946,1.8556526063263254
36,1,35.8964534,128.607266,72413,SPLY_LS,4.840211400005399,15,13,100,22.105308548343803,1.6772895277207391,1.712662559890486,1.6736858439679132,1.0,1.0,1.0,1.0,1.0,1.0,7.471264367816092,8.928571428571429,7.728322648003757,1.547126436781609,2.466666666666667,1.6457199717754465,2.703735958458386,4.586834392114991,2.779632393753272,0.0133052198383716,0.0225720413853174,0.013678709991279493,0.5786,0.9355,0.4650868362337342
37,1,35.8959163,128.6058311,37966,SPLY_LS,6.009427359824095,13,13,150,55.66157640720021,1.672142368240931,1.747816563997262,1.6236072260213257,1.0,1.0,1.0,1.0,1.2,1.071994642997965,7.471264367816092,12.5,8.153945693368573,1.547126436781609,3.3000000000000003,2.0076012550426587,2.4485362918881486,6.92449756549201,3.775232226656728,0.0120493695191961,0.0340757987446644,0.018578106548989042,0.434,0.9368,0.26479177850759006
38,1,35.8963146,128.6087015,177262,SPLY_LS,5.193336009288228,11,13,40,17.644436599105383,1.6840793976728268,1.6926762491444216,1.6785229469149938,1.0,1.0,1.0,1.0,1.0,1.0,7.471264367816092,9.846153846153848,8.058110561243828,1.547126436781609,2.0307692307692307,1.6354487386804089,5.400987355340678,5.400987355340678,4.082670956397845,0.0265785288249992,0.0265785288249992,0.020091027909981556,2.1407,2.1407,1.3067357161112179
39,6,35.8970313666766,128.6070015666571,177315,SPLY_LS,8.703151562308056,11,13,80,21.387955893962605,1.563066392881588,1.7418480492813142,1.632888061688406,1.0,1.0,1.0,1.0,1.0,1.0,7.471264367816092,8.928571428571429,7.678037833540766,1.547126436781609,2.1333333333333337,1.6283382529399852,4.015641591510595,7.734889775134789,4.9622401692305,0.0197611730539032,0.038063779327927,0.02441943198479171,1.5159,3.3989,1.8174432223127124
40,2,35.89649879999999,128.6085216,211434,PIPE_LM,6.9906265909559995,15,80,100,36.053725483840246,1.7326488706365502,1.7326488706365502,1.6922128770537908,1.0,1.0,1.0,1.0,1.0,1.0,6.666666666666667,14.22222222222222,8.241979116933981,2.1333333333333337,2.5777777777777775,1.8186032023682916,4.263446430063447,5.893362249312421,4.258674949328286,0.0209806330546637,0.0290015302969788,0.020957152359391898,0.1109,2.4027,1.0374199212556692
41,2,35.89529430000001,128.6093955,3842,SPLY_LS,5.811569205306904,7,13,150,40.239508243583586,1.5411088295687887,1.750444900752909,1.6113438061693,1.0,1.0,1.0,1.0,1.0,1.0,7.471264367816092,12.5,8.625898587695447,1.547126436781609,3.3000000000000003,1.905620143501575,4.588389619964617,6.687350316058249,5.1384517990004435,0.0225796947393268,0.0329087852728384,0.02528657822547108,1.9157,2.6821,1.540959655653981
42,2,35.897228999999996,128.6064352,106545,PIPE_LM,5.966546835046235,15,100,200,84.56691530267913,1.712662559890486,1.7326488706365502,1.6654134453746172,1.0,1.0,1.0,1.0,1.2,1.0139180196437367,8.333333333333334,15.873015873015872,9.796855965664188,2.466666666666667,3.9746031746031742,2.416044906592354,5.207624539356606,8.837926571575123,5.792214200004176,0.0256269807394008,0.0434918785550497,0.028503775688930498,0.174,2.7281,0.7669727847462134
43,2,35.89687670000001,128.6080844,106482,SPLY_LS,7.481712390527071,7,13,25,15.914080461024,1.7187953456536618,1.7326488706365502,1.7236277554549448,1.0,1.0,1.0,1.0,1.0,1.0,7.471264367816092,9.523809523809524,8.034130017200201,1.547126436781609,1.7523809523809524,1.60341300172002,6.651401190130229,7.505632699420257,5.453292861724269,0.0327318778266903,0.036935593795482,0.026835926837188162,2.7897,3.2711,2.033644117479438
44,2,35.89785470000001,128.6071543,211428,SPLY_LS,5.165153274925017,14,13,100,33.98970759551842,1.6978781656399726,1.712662559890486,1.654390670115633,1.0,1.0,1.0,1.0,1.2,1.0234984885507317,7.471264367816092,11.428571428571429,8.268383137470261,1.547126436781609,2.466666666666667,1.8046821662894241,6.686964926902226,7.64130492994326,5.079138208549617,0.0329068887535322,0.0376032436254972,0.024994693081183034,2.8569,3.4629,1.5160272127490146
45,2,35.8966676,128.6094023,3816,SPLY_LS,5.903062619947229,11,13,150,48.1894022842442,1.6689664613278576,1.7326488706365502,1.6656141490400647,1.0,1.0,1.0,1.0,1.0,1.0,7.471264367816092,12.5,8.279595494749685,1.547126436781609,3.3000000000000003,1.9410223021214081,4.8410752702500215,6.741641884727672,4.362407016980368,0.0238231734586638,0.0331759567968391,0.021467623050911194,1.8406,1.8406,0.8328312308160671
46,2,35.8976449,128.6077196,211359,SPLY_LS,6.596115170877572,10,13,80,41.35019853313874,1.6807392197125255,1.792662559890486,1.6525057249392607,1.0,1.0,1.0,1.0,1.0,1.0,7.471264367816092,8.928571428571429,7.2467443880090965,1.547126436781609,2.1333333333333337,1.7981217174795658,3.4503802007093887,6.498299248698385,3.8502419683870444,0.0169794934867009,0.0319784555178071,0.01894723323853102,1.0104,2.7884,0.690786971884039
47,2,35.898199399999996,128.60719,245422,SPLY_LS,3.4948888806581353,8,13,50,24.98014146398041,1.702422997946612,1.7431622176591377,1.6433297299771312,1.0,1.0,1.0,1.0,1.0,1.0,7.471264367816092,10.95890410958904,8.833069433053598,1.547126436781609,2.16986301369863,1.7633610865404905,6.87957437297605,8.465361822042835,5.175437915901857,0.0338547294681337,0.0416584687943638,0.025468588756048776,2.9574,3.8646,1.8821284819026587
48,2,35.8980786,128.6072778,72433,PIPE_LM,6.055845399360098,12,50,100,32.02145803696247,1.5726488706365505,1.7431622176591377,1.6139387939688694,1.0,1.0,1.0,1.0,1.2,1.012245155387493,10.95890410958904,10.95890410958904,8.708151504366395,2.16986301369863,2.466666666666667,1.8225724148563818,2.467146396596464,8.465361822042835,4.930273538627468,0.012140950774971,0.0416584687943638,0.024262122597262646,0.1888,3.8646,1.5882611310546095
49,2,35.8974142,128.606475,72433,PIPE_LM,4.93649112385757,16,50,200,52.48239634226403,1.5726488706365505,1.7353319644079397,1.6472079875482875,1.0,1.0,1.0,1.0,1.2,1.0190829506322587,10.95890410958904,15.873015873015872,9.27816151354146,2.16986301369863,3.9746031746031742,2.0681559808249377,2.467146396596464,8.837926571575123,5.550422087693305,0.012140950774971,0.0434918785550497,0.02731390461464309,0.1888,3.8918,1.4536013488414212
50,2,35.8982902,128.6070869,245421,SPLY_LS,7.059585413902136,6,13,200,57.42769962022002,1.7428336755646818,1.7431622176591377,1.6259053674448132,1.0,1.0,1.0,1.0,1.2,1.0427731597118142,7.471264367816092,15.873015873015872,9.832821270885123,1.547126436781609,3.9746031746031742,2.1501307315276015,3.76596494560689,8.106810472562733,5.317098306148161,0.0185325017955787,0.0398940196760048,0.02616570661947034,1.1161,2.9574,1.2303105154574259
51,2,35.89799080000001,128.6069095,245413,SPLY_LS,6.531138965699236,11,13,50,22.09854426499106,1.676741957563313,1.7041752224503766,1.6341405774205056,1.0,1.0,1.0,1.0,1.0,1.0,7.471264367816092,10.95890410958904,8.349600932960483,1.547126436781609,2.16986301369863,1.6966920101557035,7.64130492994326,8.465361822042835,5.6313905132739706,0.0376032436254972,0.0416584687943638,0.02771235428534681,3.4629,3.8646,2.24805265948696
52,4,35.8980616,128.6070068,211431,SPLY_LS,6.8082770790026865,10,13,50,23.28144808124656,1.6512251882272415,1.7041752224503766,1.6366321251412632,1.0,1.0,1.0,1.0,1.0,1.0,7.471264367816092,10.95890410958904,8.461508235567955,1.547126436781609,2.16986301369863,1.7165311040246367,6.759011261870165,8.465361822042835,5.485603873718854,0.0332614323702261,0.0416584687943638,0.0269949309427641,3.0086,3.8646,2.139520331889542
53,2,35.8975337,128.6080701,37897,SPLY_LS,5.920394430948755,8,13,80,36.128941035130154,1.6817248459958931,1.792662559890486,1.7134784791424402,1.0,1.0,1.0,1.0,1.0,1.0,7.471264367816092,8.928571428571429,7.338163776825375,1.547126436781609,2.1333333333333337,1.753169624422287,4.947975754304749,6.498299248698385,4.477402791254416,0.0243492360857213,0.0319784555178071,0.0220335230059025,1.8813,2.7884,1.0729438388194752
54,2,35.89746150000001,128.607512,177318,SPLY_LS,6.392464224885433,11,13,80,26.486353320820772,1.7272279260780288,1.7272279260780288,1.653031871577341,1.0,1.0,1.0,1.0,1.0,1.0,7.471264367816092,7.471264367816092,7.309307817385926,1.547126436781609,2.1333333333333337,1.6651233520950182,2.064277635048082,4.403006174349795,3.1176590330493963,0.0101584134559533,0.021667413534284,0.015342155984587675,0.1704,1.2514,0.5708775155997495
55,2,35.8964762,128.606353,245405,SPLY_LS,1.9734191045514344,12,13,100,30.704690576499075,1.661902806297057,1.6674332648870636,1.5994610850927224,1.0,1.0,1.0,1.0,1.0,1.0,7.471264367816092,9.523809523809524,7.503579923593718,1.547126436781609,2.466666666666667,1.7208460176620164,3.6976607482729897,5.73937808438791,3.8233428713979825,0.0181963734252887,0.0282437665221771,0.018814861437292964,1.1789,2.3819,0.9604009919190746
56,2,35.8969784,128.6055193,439842,PIPE_LM,4.797029650856467,6,150,150,67.7501743894553,1.2153045859000684,1.74217659137577,1.5424059203048486,1.0,1.0,1.0,1.2,1.2,1.0533051911387485,20.0,20.0,12.830652229708074,3.3000000000000003,3.3000000000000003,2.291376960609663,5.684139428941524,5.684139428941524,3.9359859796454226,0.0279719343367926,0.0279719343367926,0.019369183805134044,0.1025,1.3382,0.4974202691376528
57,3,35.8966922,128.6062421,3886,SPLY_LS,3.93734632194298,10,13,100,26.754163670869175,1.6619575633127996,1.7218069815195074,1.6631810374088247,1.0,1.0,1.0,1.0,1.0,1.0,7.471264367816092,8.333333333333334,7.411802350788369,1.547126436781609,2.466666666666667,1.6762448313799811,4.006991807873767,5.224924143874059,4.38336965475628,0.0197186070361372,0.0257121129582114,0.021570781239538334,1.3611,1.8982,1.2937024009375788
58,2,35.8969911,128.6067829,245407,SPLY_LS,5.592762830744399,7,13,80,23.659718325867516,1.6440520191649557,1.7159479808350444,1.6507263006367734,1.0,1.0,1.0,1.0,1.0,1.0,7.471264367816092,7.471264367816092,7.3432526534893245,1.547126436781609,2.1333333333333337,1.64039211436254,4.240823880659102,5.285041437131375,4.3777806084642,0.0208693063579174,0.0260079531641953,0.021543277263282704,1.5261,2.0162,1.3690128138219997
59,2,35.8972341,128.6058311,211406,SPLY_LS,7.265435958309021,9,13,150,34.20060197980552,1.704229979466119,1.712662559890486,1.6085693682950506,1.0,1.0,1.0,1.0,1.2,1.0298046552314308,7.471264367816092,20.0,9.568343798357457,1.547126436781609,3.3000000000000003,1.8313460179143228,3.680808720109577,5.684139428941524,3.8184411616945333,0.0181134437520952,0.0279719343367926,0.01879073987875682,1.1151,1.3426,0.8770416336110145
60,3,35.89656125000015,128.60539054999953,143098,SPLY_LS,5.476311022361517,6,13,150,43.77250153827612,1.7064750171115677,1.7064750171115677,1.5612896199330561,1.0,1.0,1.0,1.2,1.2,1.1656447508341077,7.471264367816092,20.0,10.28542886791853,1.547126436781609,3.3000000000000003,1.9408512865665837,3.9560657493319,5.684139428941524,4.107517937882303,0.0194679973557497,0.0279719343367926,0.02021330114821565,0.8919,0.923,0.688413550967335
61,2,35.89686360000001,128.6085935,72353,SPLY_LS,6.731325527341818,12,13,80,24.64633681951857,1.6846269678302532,1.7267898699520876,1.639749623075461,1.0,1.0,1.0,1.0,1.0,1.0,7.471264367816092,14.22222222222222,7.877235683737098,1.547126436781609,2.5777777777777775,1.682310291214026,3.359103752072058,5.386914215715863,4.185947317141295,0.0165303175191342,0.0265092742012485,0.020599256045018135,0.9527,2.1316,1.2906991944235906
62,2,35.8967756,128.60808350000002,106482,SPLY_LS,6.813948704654407,11,13,100,19.74526845749773,1.7187953456536618,1.7326488706365502,1.7157574745149649,1.0,1.0,1.0,1.0,1.0,1.0,7.471264367816092,9.523809523809524,7.9462810956784224,1.547126436781609,2.466666666666667,1.6365959024668002,6.651401190130229,8.62911838142102,5.821743986905015,0.0327318778266903,0.0424643230108919,0.02864909324675888,2.7897,4.0231,2.1880649223086803
63,1,35.89789849999999,128.6080259,245339,SPLY_LS,5.349374995757087,9,13,100,41.701299882991094,1.6099383983572897,1.7400958247775495,1.5823129093814137,1.0,1.0,1.0,1.0,1.2,1.0254179899260736,7.471264367816092,8.928571428571429,7.48581424104874,1.547126436781609,2.466666666666667,1.8213418879332635,2.3609026740586785,5.465044113526768,3.3656448675939066,0.0116181201041764,0.0268937553348709,0.01656250667567294,0.4361,2.1879,0.4221738926298928
64,3,35.89668320000031,128.60572914999986,106526,SPLY_LS,5.420391388823583,11,13,100,27.566992931980003,1.6344695414099932,1.7326488706365502,1.6731453699422907,1.0,1.0,1.0,1.0,1.0,1.0,7.471264367816092,8.928571428571429,7.51860118528555,1.547126436781609,2.466666666666667,1.6866910041237209,2.7730731162052846,6.1557720280711115,3.637842825216961,0.013646431458502,0.0302928619387393,0.017902006435033868,0.6615,2.2777,0.8247907864252805
65,2,35.89697819999999,128.6081873,60219,PIPE_LM,13.542151307294125,9,80,80,32.47904651748016,1.7326488706365502,1.7326488706365502,1.5244170754267052,1.0,1.0,1.0,1.0,1.0,1.0,6.666666666666667,14.22222222222222,9.00496493267876,2.1333333333333337,2.5777777777777775,1.8297014287066986,4.714391569619172,6.651401190130229,4.885985973798727,0.0231997566336744,0.0327318778266903,0.02404418127636218,0.2284,3.6213,1.7804923209124286
66,1,35.8964916,128.6090544,245355,SPLY_LS,6.580515029984172,11,13,100,35.58826198934069,1.6840793976728268,1.7326488706365502,1.6215589219444135,1.0,1.0,1.0,1.0,1.0,1.0,7.471264367816092,14.285714285714286,8.442264246662798,1.547126436781609,2.466666666666667,1.8329341446872958,2.1753905194720793,4.829102800657084,3.046557542803299,0.010705205515848,0.0237642563371735,0.014992261996012122,0.265,1.1383,0.4071423290144085
67,2,35.8972472,128.6082531,158133,SPLY_LS,6.816012016940794,14,20,80,37.183099659950685,1.7083367556468172,1.792662559890486,1.6109448721476403,1.0,1.0,1.0,1.0,1.2,1.0121560136902668,9.523809523809524,14.22222222222222,8.418107819825137,1.7523809523809524,2.5777777777777775,1.826589733133065,6.735069139238159,6.735069139238159,4.321347898723046,0.0331436119876479,0.0331436119876479,0.021265569077010996,2.3288,3.6213,1.09325740539857
68,4,35.89591879999999,128.6064294,72429,PIPE_LM,8.684726615040045,12,100,150,46.357733479191715,1.6726899383983571,1.6926762491444216,1.5300734788372232,1.0,1.0,1.0,1.2,1.2,1.0428086279511928,8.333333333333334,12.5,9.619085691004578,2.466666666666667,3.3000000000000003,2.0289051607104645,5.373397331581111,6.92449756549201,3.54058508356283,0.0264427569385772,0.0340757987446644,0.017423396225466816,0.0336,1.4818,0.5117611491051522
69,2,35.89611649999999,128.609198,72226,PIPE_LM,5.295472298227208,8,25,100,35.52262972299101,1.6926762491444216,1.7326488706365502,1.652446347458937,1.0,1.0,1.0,1.0,1.0,1.0,8.928571428571429,8.928571428571429,8.143105410199091,1.692857142857143,2.466666666666667,1.7786066541663916,2.322359457964445,4.79062078275154,3.26142649254089,0.0114284470106159,0.0235748844029594,0.016049642841118306,0.1848,0.9637,0.5071180329955737
70,2,35.8973992,128.6061994,72423,SPLY_LS,6.514516786256944,16,13,200,68.80936806863316,1.7353319644079397,1.7353319644079397,1.583546746976512,1.0,1.0,1.0,1.0,1.2,1.0216258262497298,7.471264367816092,20.0,10.291941715895783,1.547126436781609,3.9746031746031742,2.2729163188263284,4.496480977602523,8.383745907856277,4.701659899967615,0.0221274077148308,0.0412568327998561,0.023137103450735576,1.5375,1.5375,0.7801678774859742
71,2,35.897636,128.606506,177324,SPLY_LS,6.5024891874811335,10,13,50,22.244213743557715,1.7033538672142368,1.7033538672142368,1.644593509824577,1.0,1.0,1.0,1.0,1.0,1.0,7.471264367816092,10.95890410958904,8.342628887639757,1.547126436781609,2.16986301369863,1.7027131941587008,5.33948174062198,8.265704616280983,4.8258420503749715,0.0262758566196877,0.0406759457019495,0.02374821002199771,2.0698,3.8918,1.7692774320134184
72,2,35.89530649999999,128.6067474,72387,SPLY_LS,8.015131344824706,11,13,32,16.97096374613132,1.6905407255304583,1.7526899383983574,1.5702850857803792,1.0,1.0,1.0,1.0,1.2,1.0124269587633847,7.471264367816092,11.428571428571429,8.352875973584506,1.547126436781609,1.942857142857143,1.6352875973584504,4.451543287024737,9.105636524111194,4.4895847912328355,0.021906267092613,0.0448092926169773,0.022093471236896287,1.5787,4.3946,1.6545374786616258
73,2,35.8954223,128.6087186,143128,PIPE_LM,6.877838334737486,14,80,80,32.72785376280875,1.6126762491444215,1.7526899383983574,1.5826446813010553,1.0,1.0,1.0,1.0,1.0,1.0,14.22222222222222,14.285714285714286,9.471095590846247,2.5777777777777775,2.5777777777777775,1.8721672730433723,2.944304663229923,8.255629769484093,4.9501744736760065,0.0144890704629876,0.0406263668771196,0.02436005609368326,0.1369,3.9464,1.5571409866841481
74,4,35.89790810000185,128.6076598500008,72419,SPLY_LS,4.3652000838071885,6,13,80,21.861750976459838,1.6672142368240932,1.712662559890486,1.6191705248706005,1.0,1.0,1.0,1.0,1.0,1.0,7.471264367816092,8.928571428571429,7.566686696630758,1.547126436781609,2.1333333333333337,1.6297957320663665,2.4082923550423634,4.592864470143687,3.149128782616827,0.0118513270937812,0.0226017157008005,0.015497020195696503,0.4146,1.4427,0.7328374850887235
75,2,35.895795,128.6089641,106490,SPLY_LS,6.643033063256275,10,13,25,17.86875612568449,1.7440383299110198,1.7526899383983574,1.6376539194183377,1.0,1.0,1.0,1.0,1.0,1.0,7.471264367816092,9.523809523809524,8.149539918112744,1.547126436781609,1.7523809523809524,1.6149539918112743,4.595084895076059,7.0651030866215585,3.9690092811205915,0.022612642522914,0.034767725544419,0.019531693122858435,1.5802,3.155,1.2807089040013817
76,2,35.895917800000014,128.6070107,72381,SPLY_LS,5.0064315008549825,8,13,150,42.15563050452763,1.6010677618069815,1.743545516769336,1.6191133853261015,1.0,1.0,1.0,1.0,1.2,1.0489778225783915,7.471264367816092,12.5,8.441303502927319,1.547126436781609,3.3000000000000003,1.890720375710613,2.3666957474510584,6.92449756549201,3.3184362925644253,0.011646628107994,0.0340757987446644,0.016330190917524138,0.4476,1.0925,0.33567387030707957
77,2,35.89515850000001,128.6060191,245392,SPLY_LS,5.4574158810043905,10,13,80,33.80161353020373,1.5848596851471597,1.7451882272416157,1.6155717973682382,1.0,1.0,1.0,1.0,1.2,1.0650705610464362,7.471264367816092,14.285714285714286,7.901009759385897,1.547126436781609,2.2285714285714286,1.7677519251450315,2.8222568704358646,4.761899896417494,3.359031993860486,0.0138884671722584,0.0234335474852653,0.01652996439338711,0.7439,1.0028,0.4989853880051261
78,4,35.895280300000074,128.6090393500002,3841,SPLY_LS,5.864539598213965,11,25,50,21.390180218032434,1.59088295687885,1.7612867898699522,1.5924753821735247,1.0,1.0,1.0,1.0,1.2,1.0193541087343814,8.928571428571429,17.857142857142858,9.0958807009769,1.692857142857143,2.585714285714286,1.7294901255985065,3.5835460155331615,7.963007035161882,4.708587568147401,0.0176348091197394,0.0391863557703833,0.023171194852231708,0.9452,3.4949,1.5591178500980303
79,2,35.8968703,128.6082485,37754,SPLY_LS,5.734331701635627,10,13,80,30.03097100217766,1.7177549623545518,1.7326488706365502,1.633719134066663,1.0,1.0,1.0,1.0,1.0,1.0,7.471264367816092,14.22222222222222,8.53336359010247,1.547126436781609,2.5777777777777775,1.7754685756863968,4.033644827926878,7.094570517651636,4.78095210338567,0.0198497678804695,0.0349127362458895,0.023527304348366005,1.2996,3.435,1.5480434808517523
80,2,35.896460000000005,128.6070414,143111,SPLY_LS,4.944858673369897,13,13,100,23.092109511426447,1.639835728952772,1.712662559890486,1.6687271143103113,1.0,1.0,1.0,1.0,1.0,1.0,7.471264367816092,8.928571428571429,7.670939991524955,1.547126436781609,2.466666666666667,1.6552016169129584,2.905587956628103,4.586834392114991,3.00695696197,0.0142985436139647,0.0225720413853174,0.014797385557702422,0.7352,0.9824,0.5819775569412851
81,2,35.8953074,128.6074242,3859,SPLY_LS,4.118596918363123,12,13,80,18.562973203725086,1.705160848733744,1.7526899383983574,1.7042055252156243,1.0,1.0,1.0,1.0,1.2,1.0093928084168324,7.471264367816092,9.523809523809524,7.816518612128066,1.547126436781609,2.1333333333333337,1.6107135430607473,2.715754874556288,3.9802476458465703,2.6092808745248175,0.0133643655254352,0.0195869976775932,0.012840401647580319,0.5597,0.7234,0.3939800215107428
82,4,35.89680680000001,128.6061739,37988,PIPE_LM,5.509876399046603,11,100,100,48.70381306517497,1.712662559890486,1.7218069815195074,1.6764457633118097,1.0,1.0,1.0,1.0,1.0,1.0,8.333333333333334,16.3265306122449,8.278644838964176,2.466666666666667,2.840816326530613,1.940107373698365,5.224924143874059,5.276883879418494,4.532554329395507,0.0257121129582114,0.0259678094148123,0.022304926482671707,0.1779,2.1142,0.9679140219451144
83,1,35.8974632,128.6090917,177241,SPLY_LS,5.1828544693506355,7,13,100,28.855463000581302,1.6460780287474333,1.6526488706365503,1.5609274265389577,1.0,1.0,1.0,1.2,1.2,1.1342781346377706,7.471264367816092,9.523809523809524,8.17239580907089,1.547126436781609,2.466666666666667,1.7385986659101795,2.5590262873079417,5.386910328443531,3.346688405611444,0.0125930963111567,0.026509255071787,0.01646922097843415,0.2687,1.5868,0.5584333178375975
84,2,35.8967557,128.6055623,72405,SPLY_LS,6.247403664231866,10,13,150,29.797370827154758,1.661902806297057,1.7326488706365502,1.6403561815280487,1.0,1.0,1.0,1.0,1.2,1.039023620015893,7.471264367816092,20.0,8.096767029894831,1.547126436781609,3.3000000000000003,1.7264375454299785,2.66858117704313,5.684139428941524,3.532222091857744,0.013132221401288,0.0279719343367926,0.01738224152513649,0.5725,1.4431,0.7129724428649755
85,3,35.89610100000012,128.6081979500004,106488,SPLY_LS,5.888255180545187,12,13,100,30.070249853263345,1.6828747433264888,1.7326488706365502,1.6419871339276864,1.0,1.0,1.0,1.0,1.0,1.0,7.471264367816092,14.285714285714286,8.405478469293634,1.547126436781609,2.466666666666667,1.7636900561489963,5.815393726142453,5.815393726142453,4.58681909964326,0.0286178432960333,0.0286178432960333,0.022571966130299402,2.3841,2.3841,1.3674168137394773
86,3,35.8968971,128.6089178,106476,SPLY_LS,7.41706782375802,11,13,80,25.691013635111283,1.7290896646132787,1.792662559890486,1.6883378193095306,1.0,1.0,1.0,1.0,1.0,1.0,7.471264367816092,9.846153846153848,7.780594360317914,1.547126436781609,2.1333333333333337,1.6974049797960653,5.54745791508203,5.904461342258152,4.304376056468243,0.0272993177730144,0.0290561494883194,0.021182049792683,2.1419,2.5534,1.2550904997670942
87,4,35.89709280000001,128.6092451,72225,PIPE_LM,6.716575193494048,10,20,80,26.984434817587037,1.6926762491444216,1.792662559890486,1.6518571035997944,1.0,1.0,1.0,1.0,1.0,1.0,9.523809523809524,9.523809523809524,7.970758217807445,1.7523809523809524,2.1333333333333337,1.707580082929536,3.376558042824506,8.419844147840761,4.921334805698016,0.0166162109566415,0.0414344740437317,0.024218134645580192,0.6843,3.916,1.6266439361158442
88,4,35.89592225000002,128.60743305000017,37942,SPLY_LS,5.929964819677026,11,13,200,50.15638406366192,1.742505133470226,1.742505133470226,1.666165827948876,1.0,1.0,1.0,1.0,1.2,1.0453910094388803,7.471264367816092,15.873015873015872,8.762090412845469,1.547126436781609,3.9746031746031742,1.9973600445031263,2.6860871328708513,8.837926571575123,3.8309493015482023,0.0132183690852141,0.0434918785550497,0.01885229306038373,0.5096,1.3341,0.42515203722223766
89,2,35.89713200000001,128.6059369,106521,SPLY_LS,5.610134057266675,9,13,40,17.419722040464737,1.6992470910335389,1.712662559890486,1.677138625063034,1.0,1.0,1.0,1.0,1.0,1.0,7.471264367816092,9.846153846153848,8.067777649918462,1.547126436781609,2.0307692307692307,1.6378437832141688,4.0647965861532995,4.0647965861532995,3.500513477485795,0.0200030672402896,0.0200030672402896,0.017226201848381424,1.3426,1.4306,0.9855622075172231
90,2,35.8961794,128.6087292,143055,SPLY_LS,6.448976646521784,11,20,80,22.192036808236157,1.64580424366872,1.7326488706365502,1.6718389412973653,1.0,1.0,1.0,1.0,1.0,1.0,9.523809523809524,9.846153846153848,8.234948729710633,1.7523809523809524,2.1333333333333337,1.6827171026638126,2.4774482920950907,5.400987355340678,3.2946042574520114,0.0121916469178145,0.0265785288249992,0.016212912281134174,0.271,2.1407,0.7478103428529222
91,2,35.89557849999999,128.6080436,245370,SPLY_LS,3.919980499139333,11,13,80,30.87054242936802,1.5861738535249827,1.7526899383983574,1.6163969692308147,1.0,1.0,1.0,1.0,1.0,1.0,7.471264367816092,14.22222222222222,8.44241613367001,1.547126436781609,2.5777777777777775,1.7763021574856896,3.543906436393752,7.540033474725866,3.7063601291544015,0.0174397407688154,0.0371048817307997,0.018239183513575216,1.188,3.6552,0.8838728617417072
92,2,35.8980463,128.6073842,211440,PIPE_LM,6.287120705559195,13,100,100,37.24965956710202,1.6526488706365503,1.712662559890486,1.5610854483758618,1.0,1.0,1.0,1.2,1.2,1.0274264849118224,8.333333333333334,10.95890410958904,8.396101778339386,2.466666666666667,2.466666666666667,1.8432865205671185,6.052772281823407,6.87957437297605,4.254729985821133,0.029785995037467,0.0338547294681337,0.020937738996725044,0.1784,2.9574,1.0727244458713892
93,2,35.895846399999996,128.6083828,37931,SPLY_LS,5.592354794951868,11,13,100,26.386438570286508,1.6823819301848049,1.7326488706365502,1.624782043025155,1.0,1.0,1.0,1.0,1.0,1.0,7.471264367816092,14.285714285714286,8.355955345998051,1.547126436781609,2.466666666666667,1.7322260337497886,7.280126850230615,8.520309867712145,6.120313939747875,0.0358258682363273,0.0419288708745048,0.03011837091319623,3.2377,3.9596,2.344096530051777
94,2,35.8965219,128.6082196,211434,PIPE_LM,4.6295925545493715,14,80,100,40.13359988705348,1.7326488706365502,1.7326488706365502,1.675042657372808,1.0,1.0,1.0,1.0,1.0,1.0,6.666666666666667,14.285714285714286,8.554578956688891,2.1333333333333337,2.5777777777777775,1.8730915384884683,4.263446430063447,8.62911838142102,4.842694036275704,0.0209806330546637,0.0424643230108919,0.023831139487214513,0.1109,4.0231,1.2888377790101484
95,6,35.8950599,128.6068585,245389,SPLY_LS,3.1782466249976844,13,13,100,28.69398748693838,1.7339082819986311,1.7526899383983574,1.6797667903707312,1.0,1.0,1.0,1.0,1.4,1.0736753047442786,7.471264367816092,9.523809523809524,7.803537686623898,1.547126436781609,2.466666666666667,1.7103665273786663,6.457226604062382,9.86958741763695,6.082452306158114,0.0317763349799211,0.0485687331615623,0.029932051921219317,2.647,4.0609,1.9261456312976997
96,2,35.89697780000001,128.6075045,72417,SPLY_LS,5.799521702419374,14,13,200,67.32731564741545,1.716331279945243,1.7326488706365502,1.6680261328409718,1.0,1.0,1.0,1.0,1.0,1.0,7.471264367816092,15.873015873015872,9.76282886410988,1.547126436781609,3.9746031746031742,2.2414060627318655,4.083230545414531,9.307766399472284,5.6406228564031675,0.0200937816755121,0.045803983840123,0.027757787107502752,1.3298,2.1884,1.0851525903808006
97,2,35.89540780000001,128.6092462,3843,SPLY_LS,6.201190219656137,13,20,150,37.182778032757,1.214154688569473,1.7526899383983574,1.5548226801390406,1.0,1.0,1.0,1.0,1.2,1.0236176508725596,9.523809523809524,17.857142857142858,9.940649479269256,1.7523809523809524,3.3000000000000003,1.937368482994651,4.277004063849141,10.102141021280556,4.853128439168581,0.0210473508484048,0.0497131410727726,0.023882487705570506,1.9743,4.8913,1.5113087120620456
98,2,35.89502780000001,128.6062918,106514,SPLY_LS,4.981639389424248,10,13,100,24.336943004933918,1.651663244353183,1.7086105407255303,1.666055762794076,1.0,1.0,1.0,1.2,1.4,1.161716911508796,7.471264367816092,8.928571428571429,7.746536160690231,1.547126436781609,2.466666666666667,1.6692520137957358,3.75350629717168,6.631724427789186,3.4619069363499055,0.0184711921636966,0.0326350474953719,0.017036217129124655,0.8546,0.8546,0.5215966252755021
99,2,35.89675390000001,128.6090943,211370,SPLY_LS,6.329481094053162,13,13,100,21.08038694711574,1.6823271731690623,1.710527036276523,1.6640940138282008,1.0,1.0,1.0,1.0,1.0,1.0,7.471264367816092,9.846153846153848,7.863692616780577,1.547126436781609,2.466666666666667,1.657109206313243,3.958355313346402,5.904461342258152,3.5595988307996875,0.0194792644147433,0.0290561494883194,0.017516963826306752,1.3042,2.5534,0.9717315924016349
100,2,35.8954175,128.6090856,211393,SPLY_LS,4.9150762860158705,10,13,80,32.67943284754728,1.67958932238193,1.7526899383983574,1.567792761635351,1.0,1.0,1.0,1.0,1.2,1.02371520287384,7.471264367816092,17.857142857142858,9.77625411556824,1.547126436781609,2.585714285714286,1.8756164053412094,5.076498787973704,10.102141021280556,4.772027564086174,0.0249817043605579,0.0497131410727726,0.0234833862442462,1.9599,4.8913,1.5576644567728826
101,1,35.8950289,128.60907770000003,177271,SPLY_LS,5.57843672688205,10,20,150,37.195544604014664,1.134976043805613,1.7612867898699522,1.4932699969891432,1.0,1.0,1.0,1.0,1.2,1.066691067084424,9.523809523809524,17.857142857142858,9.990273795558435,1.7523809523809524,3.3000000000000003,1.966335416407944,4.875051385215333,8.110780763982282,5.4680770309259605,0.0239903716192139,0.039913557678595,0.026908680473038158,2.6267,2.9175,1.6851275196271256
102,2,35.896492200000004,128.6065103,37978,SPLY_LS,5.479779826210916,14,13,100,33.6095131784313,1.6619575633127996,1.689007529089665,1.6336307628942577,1.0,1.0,1.0,1.0,1.0,1.0,7.471264367816092,8.333333333333334,7.356312910297215,1.547126436781609,2.466666666666667,1.7384532083251816,5.73937808438791,5.73937808438791,4.11382798491985,0.0282437665221771,0.0282437665221771,0.020244353205189775,2.3819,2.3819,1.0354518181496688
103,2,35.8955801,128.6084953,37926,SPLY_LS,3.312359331544687,15,20,80,28.078790753337966,1.6132785763175908,1.7526899383983574,1.6251953761104787,1.0,1.0,1.0,1.0,1.0,1.0,9.523809523809524,14.22222222222222,8.631698042370227,1.7523809523809524,2.5777777777777775,1.7595520782305376,5.623925030053709,7.8351090130089505,4.858171856361088,0.0276756162691458,0.0385569632084676,0.023907306613745686,1.9434,3.3951,1.5621437881684137
104,2,35.89527910000001,128.60853040000003,143067,SPLY_LS,4.899724673900717,12,13,40,19.531915964755594,1.6226967830253252,1.7526899383983574,1.6533670049979077,1.0,1.0,1.0,1.0,1.2,1.009840540331571,7.471264367816092,10.0,8.099428595606811,1.547126436781609,2.05,1.664956596087175,4.300236595838574,7.67457814880055,4.491591912656555,0.0211616792999514,0.0377669827991549,0.022103348381778506,1.5952,3.3325,1.3357072560846135
105,2,35.895288,128.6092459,211392,SPLY_LS,6.178646649381864,11,13,50,20.036593407937804,1.67958932238193,1.7612867898699522,1.54078791982723,1.0,1.0,1.0,1.0,1.2,1.0268078912011365,7.471264367816092,17.857142857142858,9.267148654432853,1.547126436781609,2.585714285714286,1.7267148654432856,6.315137736814749,6.709182775103548,4.604183911412056,0.0310771085597522,0.0330162238954233,0.022657419237254246,2.6821,2.7304,1.647303226161907
106,2,35.89719509999999,128.6088573,143041,SPLY_LS,5.248337205968904,13,13,80,30.396574740163633,1.6500205338809035,1.792662559890486,1.671237561213509,1.0,1.0,1.0,1.0,1.0,1.0,7.471264367816092,9.523809523809524,7.545380537204228,1.547126436781609,2.1333333333333337,1.7106969357808661,4.35343822133529,5.787590585372166,4.386567331157455,0.021423487159102,0.0284810226501456,0.021586517164992353,1.5838,2.3722,1.1933065468955273
107,2,35.89640699999999,128.6087045,143052,SPLY_LS,6.456076014934699,10,13,80,21.49259253265488,1.6840793976728268,1.7326488706365502,1.688279906668372,1.0,1.0,1.0,1.0,1.0,1.0,7.471264367816092,9.846153846153848,7.9459966474051935,1.547126436781609,2.1333333333333337,1.6687110498646338,4.683882338249883,5.400987355340678,4.1606382150504935,0.0230496191806445,0.0265785288249992,0.020474708688174165,1.7237,2.1407,1.2553664604340513
108,2,35.89687839999999,128.6066871,106538,SPLY_LS,5.6545197679988375,10,13,80,21.73766053409548,1.639835728952772,1.735003422313484,1.6721082417474085,1.0,1.0,1.0,1.0,1.0,1.0,7.471264367816092,7.471264367816092,7.366334493500314,1.547126436781609,2.1333333333333337,1.6235753452116783,4.659121675035751,5.485719131592264,4.450272804888778,0.0229277707189346,0.0269954981325221,0.021900014986497865,1.7824,2.1556,1.4061337980027966
109,3,35.89541030000001,128.6093837,72379,SPLY_LS,5.988012025211629,9,13,150,54.76134543642252,1.750444900752909,1.7526899383983574,1.5986932533714628,1.0,1.0,1.0,1.0,1.2,1.013562263059201,7.471264367816092,17.857142857142858,10.113029318695025,1.547126436781609,3.3000000000000003,2.1288447854846146,4.684892273099964,8.019067185326351,4.884720780551909,0.0230545891205385,0.0394622305723502,0.024037955197134926,1.621,3.7035,1.1831639517551158
110,3,35.89569325000846,128.6085047000007,211378,SPLY_LS,6.449746565788595,12,13,80,21.07276199888798,1.7457905544147845,1.7526899383983574,1.6546989707881357,1.0,1.0,1.0,1.0,1.0,1.0,7.471264367816092,14.285714285714286,8.355256947991778,1.547126436781609,2.2285714285714286,1.6677681290678537,7.8351090130089505,8.520309867712145,5.774063453771103,0.0385569632084676,0.0419288708745048,0.028414454959180224,3.3951,3.9596,2.1957055835340196
111,2,35.8964574,128.6067985,106532,SPLY_LS,4.228280993236669,13,13,100,30.494792776893856,1.6992470910335389,1.6992470910335389,1.661760467237889,1.0,1.0,1.0,1.0,1.0,1.0,7.471264367816092,9.523809523809524,7.620992898533979,1.547126436781609,2.466666666666667,1.7275061521450268,3.3185022927594066,5.73937808438791,3.780427612087498,0.0163305157077836,0.0282437665221771,0.018603673300463124,0.9125,2.3819,0.8594080249061816
112,2,35.89558790000001,128.6064074,211439,PIPE_LM,6.447879297621325,14,80,80,33.965708340569435,1.6926762491444216,1.7408076659822038,1.6211200061394249,1.0,1.0,1.0,1.0,1.0,1.0,6.666666666666667,9.846153846153848,8.361836143526473,2.1333333333333337,2.1333333333333337,1.8113759713127138,3.9802476458465703,6.375182821849442,3.380013858079936,0.0195869976775932,0.0313725934254622,0.016633217196304215,0.0616,2.6562,0.6724594771737171
113,2,35.895638,128.6083125,37760,PIPE_LM,8.687192985009213,12,25,80,27.12022769135031,1.6926762491444216,1.7526899383983574,1.5529964528729192,1.0,1.0,1.0,1.0,1.0,1.0,8.928571428571429,14.22222222222222,8.476384046792546,1.692857142857143,2.5777777777777775,1.7276973137064608,2.9919391261284005,7.540033474725866,4.382131933337438,0.0147234820366341,0.0371048817307997,0.021564690350550135,0.5264,3.6552,1.5147291165391554
114,2,35.89721720000001,128.6062283,106520,SPLY_LS,4.400710421818213,10,13,100,22.83126792899214,1.662669404517454,1.712662559890486,1.6625609162089174,1.0,1.0,1.0,1.0,1.0,1.0,7.471264367816092,9.846153846153848,8.013219685174816,1.547126436781609,2.466666666666667,1.6892322773496808,4.171867964280939,5.207624539356606,3.851714081661123,0.0205299708456247,0.0256269807394008,0.018954477581558434,1.4572,1.4572,1.0991808299103079
115,2,35.89632470000001,128.6066462,3883,SPLY_LS,5.3616679913138485,12,13,100,32.45933190186409,1.686050650239562,1.6992470910335389,1.6554660699667538,1.0,1.0,1.0,1.0,1.0,1.0,7.471264367816092,9.523809523809524,7.808010494908215,1.547126436781609,2.466666666666667,1.7552708154565853,3.095080709920759,5.73937808438791,3.7014141202960618,0.0152310469275555,0.0282437665221771,0.018214843956682887,0.7977,2.3819,0.7894791579238721
116,2,35.8955649,128.6090574,72373,SPLY_LS,3.6052304799168513,13,13,80,30.85530199824912,1.6792607802874744,1.7526899383983574,1.6052245753683905,1.0,1.0,1.0,1.0,1.2,1.0101129966789637,7.471264367816092,17.857142857142858,8.815820558588225,1.547126436781609,2.585714285714286,1.7929536820087293,10.102141021280556,10.699904903618648,5.948573229851119,0.0497131410727726,0.0526547670259525,0.0292732262927588,4.8913,5.2399,2.244007291588184
117,2,35.89818960000001,128.6074701,106546,PIPE_LM,6.864073036356532,11,100,100,47.552479238339856,1.5126899383983572,1.7431622176591377,1.5672186064485962,1.0,1.0,1.0,1.2,1.2,1.0478506784051647,8.333333333333334,10.95890410958904,8.91442287752829,2.466666666666667,2.466666666666667,1.988172906095896,5.386910328443531,6.4035892961106375,4.275617523336681,0.026509255071787,0.0315123831056252,0.021040527613215933,0.1458,2.7749,0.8196548247974514
118,1,35.89525880000001,128.6080664,177276,SPLY_LS,3.5041825719809223,7,13,40,20.463318647980998,1.7080082135523615,1.7526899383983574,1.6224707744936324,1.0,1.0,1.0,1.0,1.2,1.0198767917643403,7.471264367816092,11.428571428571429,8.598328851005096,1.547126436781609,2.05,1.6823278306834988,2.2424033925790514,4.494018021335331,2.6289911428044968,0.0110349792150511,0.0221152873838922,0.012937396863298017,0.2857,0.7656,0.35332999943784704
119,1,35.8966709,128.6080818,211372,SPLY_LS,6.384391421798812,13,13,100,29.152437569592273,1.6823271731690623,1.7326488706365502,1.6900181907014107,1.0,1.0,1.0,1.0,1.0,1.0,7.471264367816092,14.285714285714286,8.267451988942495,1.547126436781609,2.466666666666667,1.7486745623550803,8.62911838142102,8.62911838142102,5.684490128701914,0.0424643230108919,0.0424643230108919,0.02797366014784851,4.0231,4.0231,1.9530917439786846
120,1,35.89540300000001,128.6071057,211438,PIPE_LM,9.582126522379259,14,80,80,26.15038074626187,1.6926762491444216,1.7526899383983574,1.6553993823259239,1.0,1.0,1.0,1.0,1.0,1.0,6.666666666666667,9.523809523809524,7.968520919001639,2.1333333333333337,2.1333333333333337,1.7007597013354103,3.9802476458465703,5.084062819586971,3.6559742116893132,0.0195869976775932,0.0250189273383284,0.017991231894433635,0.0616,1.9245,0.9042063590361936
121,1,35.8971778,128.6074653,3894,SPLY_LS,4.708638970436022,12,13,200,66.40402499663593,1.6821081451060915,1.7326488706365502,1.67618713403826,1.0,1.0,1.0,1.0,1.0,1.0,7.471264367816092,15.873015873015872,8.528437829332558,1.547126436781609,3.9746031746031742,2.1424473498112633,4.292784320399674,9.307766399472284,4.926329480818018,0.0211250062799028,0.045803983840123,0.02424271369157947,1.4992,2.021,0.7320521378442179
122,1,35.8960799,128.6073073,106547,PIPE_LM,6.34151348681208,13,150,150,38.607562390331104,1.5726488706365505,1.7442026009582476,1.6535436430124317,1.0,1.0,1.0,1.2,1.2,1.0409413042142517,12.5,12.5,8.360287972927475,3.3000000000000003,3.3000000000000003,1.8578885385145845,6.92449756549201,6.92449756549201,3.4327362851741325,0.0340757987446644,0.0340757987446644,0.01689266689615611,0.0379,1.0925,0.44969144065367184
123,1,35.89580070000002,128.6086978,245363,SPLY_LS,6.648085029644773,11,13,40,17.628537081563337,1.6456947296372348,1.7463928815879537,1.598863812777449,1.0,1.0,1.0,1.0,1.0,1.0,7.471264367816092,14.285714285714286,8.455722438654949,1.547126436781609,2.2285714285714286,1.6455722438654947,4.844824657190116,8.520309867712145,4.901015473393366,0.0238416243792654,0.0419288708745048,0.024118142195342383,1.883,3.9596,1.8422993675869057
124,1,35.895626,128.6055963,72397,SPLY_LS,4.510459830543143,6,13,25,15.481453719733668,1.6483778234086242,1.7443121149897332,1.659774255897689,1.0,1.0,1.0,1.0,1.2,1.0600032814954128,7.471264367816092,8.928571428571429,7.7726177033748804,1.547126436781609,1.692857142857143,1.5772617703374878,1.68322009059796,2.5561389152666583,1.9794783368682902,0.008283210226837,0.0125788874089729,0.009741111869645628,0.0,0.2584,0.06330333433793699
125,1,35.8959086,128.6094012,177266,SPLY_LS,4.65889603320234,9,13,150,55.3817035328994,1.708062970568104,1.7326488706365502,1.6828516072060598,1.0,1.0,1.0,1.0,1.0,1.0,7.471264367816092,12.5,8.463539398174934,1.547126436781609,3.3000000000000003,2.0364670850410476,5.127501620384976,6.687350316058249,4.436350211762368,0.0252326918489954,0.0329087852728384,0.021831501209593127,1.9398,1.9398,0.7344717600445675
126,1,35.8975928,128.6075124,177318,SPLY_LS,4.207668915999302,7,13,80,19.411054627362645,1.7272279260780288,1.7272279260780288,1.687533715507871,1.0,1.0,1.0,1.0,1.0,1.0,7.471264367816092,7.471264367816092,7.394274519829236,1.547126436781609,2.1333333333333337,1.6032190403148903,2.064277635048082,4.307829785479579,2.6302592661666586,0.0101584134559533,0.0211990457658342,0.012943637361769378,0.1704,1.0104,0.39985279714080163
127,1,35.89781820000001,128.6082342,72350,SPLY_LS,7.5401204190114495,6,13,100,56.098995958370274,1.699849418206708,1.699849418206708,1.5683016206913567,1.0,1.0,1.0,1.0,1.2,1.0439543776864935,7.471264367816092,8.928571428571429,7.539934680345336,1.547126436781609,2.466666666666667,1.9632676566610858,1.7357796562684664,5.386910328443531,3.5124901490606426,0.0085418584774799,0.026509255071787,0.017285139648034825,0.0,0.504,0.19699057970441072
128,1,35.89543280000001,128.6060242,3854,SPLY_LS,5.090927045224995,14,13,80,38.387492128601025,1.6467898699520878,1.712662559890486,1.65766602013285,1.0,1.0,1.0,1.0,1.2,1.035841055487087,7.471264367816092,9.523809523809524,7.482523787824637,1.547126436781609,2.1333333333333337,1.7836702953534822,3.572219846675053,4.761899896417494,3.4360034131950092,0.0175790724764802,0.0234335474852653,0.016908744596503246,1.1243,1.6048,0.47558876944030115
129,1,35.8955794,128.6081656,37934,SPLY_LS,4.765958578127132,12,13,80,31.54971430444784,1.6148665297741274,1.7526899383983574,1.5557525325349177,1.0,1.0,1.0,1.0,1.0,1.0,7.471264367816092,14.22222222222222,8.549224179036308,1.547126436781609,2.5777777777777775,1.784613987866337,4.9501344763128134,7.540033474725866,4.051273073479194,0.0243598592646591,0.0371048817307997,0.019936517358244737,2.0019,3.6552,1.1919695515105642
130,1,35.8967923,128.607576,177309,SPLY_LS,6.019938684454739,13,13,200,43.025931537437884,1.689007529089665,1.7326488706365502,1.6558803164525657,1.0,1.0,1.0,1.0,1.0,1.0,7.471264367816092,15.873015873015872,8.949992429459526,1.547126436781609,3.9746031746031742,1.936421597435046,5.3469415980578,8.837926571575123,4.690777683599155,0.0263125669511223,0.0434918785550497,0.023083551519875577,2.1002,2.1884,1.1124261884646234
131,1,35.8964048,128.609203,143053,SPLY_LS,7.500669982824372,6,13,80,22.52950805385529,1.6862149212867898,1.7326488706365502,1.6779843920807553,1.0,1.0,1.0,1.0,1.0,1.0,7.471264367816092,8.928571428571429,7.676171426863937,1.547126436781609,2.1333333333333337,1.6386273592149414,2.722600229593493,4.263446430063447,2.759019419776879,0.013398051859841,0.0209806330546637,0.01357727251569296,0.5812,0.6483,0.43683276894413176
132,1,35.8972847,128.6067763,106548,PIPE_LM,6.544057833950433,14,200,200,62.81329710568092,1.7326488706365502,1.7326488706365502,1.6800734206330095,1.0,1.0,1.0,1.0,1.2,1.0128562152246103,15.873015873015872,15.873015873015872,8.539551791055183,3.9746031746031742,3.9746031746031742,2.102243784937516,8.837926571575123,8.837926571575123,6.208844442597808,0.0434918785550497,0.0434918785550497,0.030554033944245888,0.1813,3.1893,1.442351039756258
133,1,35.8951696,128.6090785,3839,SPLY_LS,5.585607254984047,11,13,50,22.046433814881368,1.7011088295687884,1.7612867898699522,1.5679549166579487,1.0,1.0,1.0,1.0,1.2,1.030150199218088,7.471264367816092,17.857142857142858,9.25372879200017,1.547126436781609,2.585714285714286,1.7514482378848601,4.442024377850839,6.709182775103548,5.041632796487593,0.0218594240646228,0.0330162238954233,0.02481012707315522,1.5572,2.9175,1.7478471065263055
134,1,35.8963146,128.60805700000003,3823,SPLY_LS,5.421364276843535,13,13,40,17.43865718174073,1.7156194387405888,1.7156194387405888,1.6384074150309371,1.0,1.0,1.0,1.0,1.0,1.0,7.471264367816092,14.285714285714286,8.414934494917068,1.547126436781609,2.2285714285714286,1.6414934494917066,6.14245221863438,6.362774822383777,4.822712944145072,0.0302273144905107,0.0313115330396916,0.02373281153378505,2.5062,4.3744,1.8044798119961696
135,1,35.8950228,128.6085868,72378,SPLY_LS,3.05764614021896,8,13,150,35.370595707549356,1.6403832991101983,1.6877481177275837,1.6236314899786437,1.0,1.0,1.0,1.0,1.2,1.0987335842725325,7.471264367816092,12.5,8.597932770191333,1.547126436781609,3.3000000000000003,1.8310060515276319,9.256027669599202,9.256027669599202,6.741774549425789,0.0455493749634811,0.0455493749634811,0.03317660964645173,4.5258,4.5258,2.2864739077099228
136,1,35.8963925,128.6093905,37918,SPLY_LS,7.056257089664262,9,13,150,37.7058387231241,1.657467488021903,1.7326488706365502,1.5929643990602447,1.0,1.0,1.0,1.0,1.0,1.0,7.471264367816092,12.5,8.435068693168828,1.547126436781609,3.3000000000000003,1.8437322874563797,2.6128844119736767,6.687350316058249,3.1166841694031073,0.012858134835543,0.0329087852728384,0.01533735863184112,0.5438,0.6483,0.41708547940634016
137,1,35.89502040000001,128.6087327,3773,PIPE_LM,6.3256508516881,9,150,150,43.2321148115382,1.6726899383983571,1.7526899383983574,1.6523268971959226,1.0,1.0,1.0,1.2,1.2,1.0983523774325603,12.5,12.5,9.01159385876969,3.3000000000000003,3.3000000000000003,1.943006519802436,8.110780763982282,9.256027669599202,6.668430972854507,0.039913557678595,0.0455493749634811,0.03281568223896565,0.143,4.5258,1.914411328187271
138,1,35.8964062,128.6085155,245354,SPLY_LS,7.1965861040919314,12,13,80,20.871208809895283,1.6840793976728268,1.7326488706365502,1.69928201389329,1.0,1.0,1.0,1.0,1.0,1.0,7.471264367816092,9.846153846153848,8.005504163442083,1.547126436781609,2.1333333333333337,1.6575119863387349,4.22834008638573,5.893362249312421,4.327211555337845,0.0208078729821084,0.0290015302969788,0.021294424424395237,1.4588,2.3578,1.3476801753950192
139,1,35.8950854,128.6088372,143129,PIPE_LM,5.305221352433381,11,40,150,33.26046066371117,1.7526899383983574,1.7526899383983574,1.6579083285814504,1.0,1.0,1.0,1.0,1.2,1.06923577310584,10.0,12.5,8.846709434327693,2.05,3.3000000000000003,1.8452284263652114,4.720086854834096,9.256027669599202,6.199305425158332,0.0232277834169813,0.0455493749634811,0.030507091962475384,0.3112,4.5258,1.8219152738267237
140,1,35.89722110000001,128.6096754,106546,PIPE_LM,6.120508917484024,6,100,150,61.66686307996185,1.5126899383983572,1.6526488706365503,1.5442458316060326,1.0,1.0,1.0,1.2,1.2,1.0412100934363362,8.333333333333334,12.5,9.003050669564411,2.466666666666667,3.3000000000000003,2.12817988561887,5.386910328443531,6.687350316058249,4.533701726691084,0.026509255071787,0.0329087852728384,0.022310572882133103,0.1458,1.5064,0.723971850274139
141,1,35.8972868,128.6080448,245348,SPLY_LS,7.4964232256656445,12,13,80,25.07414382121453,1.6499110198494182,1.792662559890486,1.6540085682117722,1.0,1.0,1.0,1.0,1.0,1.0,7.471264367816092,8.928571428571429,7.61403961643466,1.547126436781609,2.1333333333333337,1.6600880863139675,5.42720015827836,5.42720015827836,4.042286485546238,0.0267075233388957,0.0267075233388957,0.019892293909697267,2.2213,2.2213,1.131176554751556
142,1,35.8958057,128.6091948,72375,SPLY_LS,4.041397121223707,14,13,100,20.452252148460236,1.6806297056810404,1.7526899383983574,1.6707377533948333,1.0,1.0,1.0,1.0,1.0,1.0,7.471264367816092,9.523809523809524,8.025596411381443,1.547126436781609,2.466666666666667,1.6389547464032705,3.9435495660649,10.699904903618648,3.985077352419519,0.0194064045920836,0.0526547670259525,0.019610764905124003,1.2979,5.2399,1.191071611939532
143,1,35.896795600000004,128.6094113,316652,PIPE_LM,5.622902613001263,9,150,150,60.450623740594246,1.6526488706365503,1.792662559890486,1.65378808780756,1.0,1.0,1.0,1.0,1.0,1.0,12.5,12.5,8.07569211674674,3.3000000000000003,3.3000000000000003,2.0504138438253294,6.687350316058249,6.741641884727672,4.9978354121097315,0.0329087852728384,0.0331759567968391,0.024594597954762553,0.1446,2.7986,0.8568786438305502
144,1,35.8963254,128.6083443,211375,SPLY_LS,4.604036984732774,11,13,40,16.940075662011168,1.7030800821355236,1.7326488706365502,1.6906609010575948,1.0,1.0,1.0,1.0,1.0,1.0,7.471264367816092,14.285714285714286,8.156597158722526,1.547126436781609,2.2285714285714286,1.6156597158722523,3.74736658393825,6.630840916865468,4.487798116477337,0.0184409783278893,0.0326306996939408,0.022084678921090742,1.1548,2.9729,1.521266053928075
145,1,35.89541309999999,128.6085243,72380,SPLY_LS,2.3674979389875874,15,13,80,26.576436145776327,1.59088295687885,1.7526899383983574,1.620540986726702,1.0,1.0,1.0,1.0,1.0,1.0,7.471264367816092,14.22222222222222,8.6104975752885,1.547126436781609,2.5777777777777775,1.760403022932183,5.0960876737975065,5.623925030053709,4.486141181262139,0.0250781022471412,0.0276756162691458,0.022076525060050003,2.137,2.4121,1.326861187977388
146,1,35.8950275,128.6071764,245228,PIPE_LM,5.930827853274509,8,25,100,29.086422168520453,1.7326488706365502,1.7526899383983574,1.650067615337573,1.0,1.0,1.0,1.2,1.4,1.163975375328872,8.928571428571429,9.523809523809524,8.31633613054829,1.692857142857143,2.466666666666667,1.7441466089812974,3.3435724393513295,7.013755038509808,4.955995448788522,0.0164538871526698,0.0345150392322586,0.024388701403260705,0.3887,2.9959,1.2661318620691842
